 RESULT:
 A:
       7.000000       5.000000      17.000000      10.000000
       5.000000       4.000000      12.000000       7.000000
      17.000000      12.000000      46.000000      24.000000
      10.000000       7.000000      24.000000      15.000000

 G:
   2.6457513111   0.0000000000   0.0000000000   0.0000000000
   1.8898223650   0.6546536707   0.0000000000   0.0000000000
   6.4253960412  -0.2182178902   2.1602468995   0.0000000000
   3.7796447301  -0.2182178902  -0.1543033500   0.8017837257

 G^T:
   2.6457513111   1.8898223650   6.4253960412   3.7796447301
   0.0000000000   0.6546536707  -0.2182178902  -0.2182178902
   0.0000000000   0.0000000000   2.1602468995  -0.1543033500
   0.0000000000   0.0000000000   0.0000000000   0.8017837257


 G*G^T:
   7.0000000000   5.0000000000  17.0000000000  10.0000000000
   5.0000000000   4.0000000000  12.0000000000   7.0000000000
  17.0000000000  12.0000000000  46.0000000000  24.0000000000
  10.0000000000   7.0000000000  24.0000000000  15.0000000000

 Positive Definate?
 T
