 RESULT:
 A:
       9.000000      -3.000000       3.000000       9.000000
      -3.000000      17.000000      -1.000000      -7.000000
       3.000000      -1.000000      17.000000      15.000000
       9.000000      -7.000000      15.000000      44.000000

 G:
   3.0000000000   0.0000000000   0.0000000000   0.0000000000
  -1.0000000000   4.0000000000   0.0000000000   0.0000000000
   1.0000000000   0.0000000000   4.0000000000   0.0000000000
   3.0000000000  -1.0000000000   3.0000000000   5.0000000000

 G^T:
   3.0000000000  -1.0000000000   1.0000000000   3.0000000000
   0.0000000000   4.0000000000   0.0000000000  -1.0000000000
   0.0000000000   0.0000000000   4.0000000000   3.0000000000
   0.0000000000   0.0000000000   0.0000000000   5.0000000000


 G*G^T:
   9.0000000000  -3.0000000000   3.0000000000   9.0000000000
  -3.0000000000  17.0000000000  -1.0000000000  -7.0000000000
   3.0000000000  -1.0000000000  17.0000000000  15.0000000000
   9.0000000000  -7.0000000000  15.0000000000  44.0000000000

 Positive Definate?
 T
